0.000000000000000000e+00 6.176923076923077360e+01 2.500000000000000000e+01
0.000000000000000000e+00 7.253846153846154721e+01 2.500000000000000000e+01
0.000000000000000000e+00 8.330769230769230660e+01 2.500000000000000000e+01
0.000000000000000000e+00 9.407692307692308020e+01 2.500000000000000000e+01
0.000000000000000000e+00 1.048461538461538538e+02 2.500000000000000000e+01
0.000000000000000000e+00 1.156153846153846132e+02 2.500000000000000000e+01
0.000000000000000000e+00 1.263846153846153868e+02 2.500000000000000000e+01
0.000000000000000000e+00 1.371538461538461604e+02 2.500000000000000000e+01
0.000000000000000000e+00 1.479230769230769340e+02 2.500000000000000000e+01
0.000000000000000000e+00 1.586923076923077076e+02 2.500000000000000000e+01
0.000000000000000000e+00 1.694615384615384528e+02 2.500000000000000000e+01
0.000000000000000000e+00 1.802307692307692264e+02 2.500000000000000000e+01
